"gene_up" "element" "n_arrays" "n_arraysNoGap" "jacc_mono_av" "jacc_mono_med" "jacc_mono_max" "jacc_mono_maxMean" "jacc_mono_min" "jacc_mono_minMean" "matMaize_mean" "matTeo_mean" "matNoGap_mean" "min_len" "max_len" "max_monolen" "max_HOR" "av_HOR" "av_HOR_NoGap"
"1" 10 "knob180" 1 1 1.01842847914046 1.01842847914046 1.01842847914046 1.01842847914046 1.01842847914046 1.01842847914046 NA NA NA 212897 212897 117644 0.467153284671533 0.467153284671533 0.467153284671533
"2" 100 "knob180" 1 0 1.01564441322067 1.01564441322067 1.01564441322067 1.01564441322067 1.01564441322067 1.01564441322067 NA NA NA 319232 319232 153729 0.605612998522895 0.605612998522895 NA
"3" 101 "knob180" 6 6 1.00791493782205 1.00592088687327 1.00888410544509 1.01481667503767 1.006945770199 1.00150451354062 1.00791493782205 NA 1.00791493782205 4054 4055 3988 0 0 0
"4" 102 "CentC" 13 13 0.924203396587013 0.989194703452854 1.00107026345008 1.04117389399912 0.847336529723945 0.441004672897196 1.02766549291472 0.745367087742054 0.924203396587013 6698 17652 7318 0 0 0
"5" 103 "CentC" 1 1 1.02064732142857 1.02064732142857 1.02064732142857 1.02064732142857 1.02064732142857 1.02064732142857 NA NA NA 1831 1831 1792 0 0 0
"6" 104 "CentC" 13 9 0.861540278926172 0.907767808786111 0.947608940529516 1.0234513835999 0.775471617322828 0.435148377627276 0.880448291900307 0.871305005248047 0.884340396346163 84862 2707323 1419854 0.880308273041837 0.686388468884012 0.695903983418356
"7" 105 "knob180" 1 1 1.01405192852599 1.01405192852599 1.01405192852599 1.01405192852599 1.01405192852599 1.01405192852599 NA NA NA 120120 120120 34586 0.952127659574468 0.952127659574468 0.952127659574468
"8" 106 "knob180" 13 13 0.832213892189885 0.887506717668258 0.913826687136984 1.02105729100797 0.750601097242786 0.345256896188671 0.88242175475854 0.717970686139688 0.832213892189885 37456 127782 37992 0.509090909090909 0.0391608391608392 0.0391608391608392
"9" 107 "knob180" 12 12 0.874758895734134 1.01300631735414 0.91721377692967 1.01860119047619 0.832304014538597 0.488076311605723 0.925751886742978 0.950216641718844 0.874758895734134 2553 18322 5388 0 0 0
"10" 109 "TR1" 1 1 1.00767815091129 1.00767815091129 1.00767815091129 1.00767815091129 1.00767815091129 1.00767815091129 NA NA NA 121501 121501 101066 0.961832061068702 0.961832061068702 0.961832061068702
"11" 11 "knob180" 1 1 1.01393188854489 1.01393188854489 1.01393188854489 1.01393188854489 1.01393188854489 1.01393188854489 NA NA NA 1967 1967 1938 0 0 0
"12" 110 "knob180" 13 13 0.900997656355106 0.921929670451147 0.959042379937291 1.01188299817185 0.842952932772922 0.658812441093308 0.916311505803792 0.830844307905037 0.900997656355106 2148 11563 2697 0 0 0
"13" 111 "knob180" 9 9 0.99640483710645 0.999506233835944 1.0053935736029 1.0195572456879 0.987416100610003 0.957625967676219 0.993786123170565 1.00379672600795 0.99640483710645 18154 28686 8248 0 0 0
"14" 112 "knob180" 13 5 0.833822270117115 0.840218690584547 0.861372355847619 1.01563877096551 0.80627218438661 0.515092596506271 0.892210514003725 0.655486944437779 0.721254383918261 752722 13453307 351339 0.446153846153846 0.107533574063929 0.119999814815187
"15" 113 "CentC" 13 9 0.830719567502001 0.900683523857423 0.936930005070502 1.03191625175539 0.7245091299335 0.368571472348127 0.865734358403785 0.708108305332619 0.854670111998822 49367 2639466 1372461 0.925490196078431 0.884719702106908 0.876974308748579
"16" 114 "knob180" 13 13 0.989512641333366 1.01410883961993 1.0085456940628 1.01914110429448 0.970479588603932 0.852205882352941 1.00801396840608 0.923453232644409 0.989512641333366 1930 27986 4080 0 0 0
"17" 115 "knob180" 13 13 0.903922491250469 0.90356552236171 0.945860864935464 1.01872123832102 0.861984117565474 0.781097475944778 0.910841468658584 1.0130611339566 0.903922491250469 158718 357384 28684 0 0 0
"18" 116 "TR1" 11 11 0.800601687337679 0.713466191832037 0.81605430055637 1.00111305453967 0.785149074118989 0.566535524184217 0.863906437491244 0.585305838109768 0.800601687337679 8654 74463 18867 0 0 0
"19" 118 "TR1" 11 11 0.940999023899904 1.00252785319727 0.96893011326225 1.00414381474711 0.913067934537557 0.659986859395532 0.979755565463813 NA 0.940999023899904 11135 13611 10681 0 0 0
"20" 12 "knob180" 8 8 0.912727236513816 0.919149389911297 0.971860158390252 1.01561040174401 0.853594314637379 0.661120050233507 0.877373225764186 1.01167983223656 0.912727236513816 102082 145044 25688 0.535714285714286 0.319837759682385 0.319837759682385
"21" 120 "knob180" 11 9 0.908267521800998 0.906088509594696 0.930406717085025 1.01458452951623 0.88612832651697 0.81964153973007 0.915679140948327 NA 0.902708768140984 619289 693849 307683 0.146282973621103 0.071752532579591 0.0708064610448038
"22" 124 "knob180" 4 4 0.559854148953062 0.453927982819757 0.730330321048861 1.01492537313433 0.389377976857263 0.000138702997074247 0.773405450277762 NA 0.559854148953062 2328 7365383 4772788 0.906849090611175 0.181369818122235 0.181369818122235
"23" 125 "knob180" 1 1 1.01110124333925 1.01110124333925 1.01110124333925 1.01110124333925 1.01110124333925 1.01110124333925 NA NA NA 2278 2278 2252 1 1 1
"24" 126 "knob180" 1 1 1.01242271713898 1.01242271713898 1.01242271713898 1.01242271713898 1.01242271713898 1.01242271713898 NA NA NA 699621 699621 609126 0.643331321665661 0.32166566083283 0.32166566083283
"25" 127 "TR1" 12 12 0.83229189006239 0.990517870167761 0.991776316631106 1.0036469730124 0.672807463493675 0.190659100829332 0.86138566364118 1.00317926143311 0.83229189006239 4308 187245 11455 0 0 0
"26" 128 "knob180" 13 13 0.895337245502429 0.960042865890998 0.927150242433013 1.02339020363236 0.863524248571844 0.639281828073993 0.907494803138959 0.913334834033237 0.895337245502429 3368 12273 3676 0 0 0
"27" 13 "knob180" 1 0 1.01811373551365 1.01811373551365 1.01811373551365 1.01811373551365 1.01811373551365 1.01811373551365 NA NA NA 1842310 1842310 883418 0.661172161172161 0.661172161172161 NA
"28" 130 "TR1" 10 9 0.754254512766765 0.944333426289388 0.87149580614562 1.02028584601199 0.637013219387911 0.246819338422392 0.837541547450656 0.594147321900145 0.853354447322931 5194 10587065 638263 0.803571428571429 0.107642803094646 0.0380499405469679
"29" 131 "knob180" 6 6 0.934873845754969 1.00457338859511 1.00244912130204 1.00614549092468 0.867298570207902 0.590958891058924 0.934873845754969 NA 0.934873845754969 11530 31126 20993 0 0 0
"30" 133 "TR1" 1 1 1.00861639492277 1.00861639492277 1.00861639492277 1.00861639492277 1.00861639492277 1.00861639492277 NA NA NA 7370314 7370314 4749202 0.895031315240084 0.895031315240084 0.895031315240084
"31" 135 "knob180" 13 13 0.952795201441437 1.00932954267387 1.00264773051506 1.01685971685972 0.902942672367811 0.496923183295305 0.974293365728794 1.01210119524427 0.952795201441437 4824 28478 14463 0 0 0
"32" 136 "knob180" 1 1 1.01281746973653 1.01281746973653 1.01281746973653 1.01281746973653 1.01281746973653 1.01281746973653 NA NA NA 4296 4296 4213 0 0 0
"33" 137 "knob180" 4 4 0.951708516682108 0.993094206807984 0.993125573853578 1.01291184327694 0.910291459510637 0.807657038055938 1.01251487477748 NA 0.951708516682108 4455 26377 6741 0 0 0
"34" 138 "CentC" 1 0 1.01170612219825 1.01170612219825 1.01170612219825 1.01170612219825 1.01170612219825 1.01170612219825 NA NA NA 983447 983447 260462 0.753086419753086 0.741749053170036 NA
"35" 139 "knob180" 1 1 1.01897284919856 1.01897284919856 1.01897284919856 1.01897284919856 1.01897284919856 1.01897284919856 NA NA NA 9345 9345 9171 0 0 0
"36" 14 "TR1" 1 1 1.00438116100767 1.00438116100767 1.00438116100767 1.00438116100767 1.00438116100767 1.00438116100767 NA NA NA 17442 17442 10043 0 0 0
"37" 140 "knob180" 12 12 0.808538444361247 0.94571165820324 0.903070249871338 1.01877089226022 0.714006638851156 0.19080760010019 0.862920860203739 0.850028879255178 0.808538444361247 7029 84071 55894 0.214912280701754 0.0179093567251462 0.0179093567251462
"38" 141 "CentC" 1 1 1.01955495616993 1.01955495616993 1.01955495616993 1.01955495616993 1.01955495616993 1.01955495616993 NA NA NA 3029 3029 2966 1 1 1
"39" 142 "CentC" 1 0 1.01732164685688 1.01732164685688 1.01732164685688 1.01732164685688 1.01732164685688 1.01732164685688 NA NA NA 183721 183721 115347 0.733038348082596 0.733038348082596 NA
"40" 143 "CentC" 12 10 0.800757759211133 0.810876157209532 0.893494681348298 0.993238504695695 0.708020837073969 0.470166759646988 0.794854851169722 0.858638467367378 0.837458632551804 196635 2439033 1663386 0.936329588014981 0.761267786514409 0.872259032941749
"41" 144 "CentC" 12 8 0.880717054998109 0.941961721457554 0.965331964259792 0.994848439599821 0.796102145736426 0.515034956320648 0.873088032383991 0.947177872524227 0.906680438564993 101644 2278028 1324081 0.942537909018356 0.871508879026517 0.875138605013069
"42" 145 "TR1" 1 1 1.00842574527663 1.00842574527663 1.00842574527663 1.00842574527663 1.00842574527663 1.00842574527663 NA NA NA 563694 563694 395692 0.982725527831094 0.982725527831094 0.982725527831094
"43" 146 "knob180" 1 1 1.01521013615287 1.01521013615287 1.01521013615287 1.01521013615287 1.01521013615287 1.01521013615287 NA NA NA 80081 80081 33859 0.873626373626374 0.873626373626374 0.873626373626374
"44" 147 "CentC" 11 11 0.995518974449545 1.02266666666667 1.00459357172507 1.02754331408263 0.986444377174017 0.861194671250537 1.0026418109116 NA 0.995518974449545 2150 2406 2327 0 0 0
"45" 148 "knob180" 13 13 0.732799836072123 0.661258123247634 0.77818427610812 1.01773756945434 0.687415396036125 0.350496838301716 0.786510459839704 0.871539660316669 0.732799836072123 12270 37652 14822 0 0 0
"46" 149 "knob180" 10 10 0.943148799744345 0.971230730691544 0.988763572342413 1.02387684574301 0.897534027146276 0.704040087691826 0.958005900416912 NA 0.943148799744345 3265 235866 6099 0 0 0
"47" 15 "TR1" 5 5 0.62955216032738 0.628931502723028 0.701693351793256 0.877275286170013 0.557410968861504 0.433988558016723 0.570246290067498 0.589220469572704 0.62955216032738 9557 44208 20702 0.558823529411765 0.111764705882353 0.111764705882353
"48" 150 "knob180" 13 13 0.847021338922028 0.888031614602936 0.92458165924431 1.01757957068838 0.769461018599746 0.413731102304418 0.883706869213773 0.888034989755468 0.847021338922028 35194 47848 27252 0 0 0
"49" 151 "knob180" 1 0 1.00279234851206 1.00279234851206 1.00279234851206 1.00279234851206 1.00279234851206 1.00279234851206 NA NA NA 8207043 8207043 1898402 0.404269366197183 0.202134683098592 NA
"50" 152 "TR1" 1 1 1.00224514970245 1.00224514970245 1.00224514970245 1.00224514970245 1.00224514970245 1.00224514970245 NA NA NA 946594 946594 387502 0.507125890736342 0.507125890736342 0.507125890736342
"51" 153 "knob180" 1 1 1.01352705410822 1.01352705410822 1.01352705410822 1.01352705410822 1.01352705410822 1.01352705410822 NA NA NA 2052 2052 1996 1 1 1
"52" 154 "knob180" 1 1 1.01651903279866 1.01651903279866 1.01651903279866 1.01651903279866 1.01651903279866 1.01651903279866 NA NA NA 4264 4264 4177 0 0 0
"53" 155 "knob180" 1 1 1.01547060878005 1.01547060878005 1.01547060878005 1.01547060878005 1.01547060878005 1.01547060878005 NA NA NA 6572007 6572007 2860327 0.595204630012402 0.297602315006201 0.297602315006201
"54" 156 "knob180" 1 1 1.00267220027699 1.00267220027699 1.00267220027699 1.00267220027699 1.00267220027699 1.00267220027699 NA NA NA 3067917 3067917 1289574 0.373220236292033 0.186610118146016 0.186610118146016
"55" 16 "knob180" 2 0 0.614821146496891 0.614821146496891 0.690957677907726 0.690957677907726 0.538684615086055 0.538684615086055 NA NA NA 1444514 3609853 3008287 0.673502479969477 0.307748234496186 NA
"56" 17 "knob180" 6 6 0.965061492667911 0.99477498735884 1.00420912565216 1.02123714815439 0.925913859683659 0.863842884361718 0.959880808524015 NA 0.965061492667911 1440 6971 6823 0 0 0
"57" 18 "knob180" 12 12 0.912140566008497 0.904339250493097 0.939618800462961 1.03032544378698 0.884662331554034 0.779585798816568 0.909198234586804 1.01455767404485 0.912140566008497 3592 15944 4595 0 0 0
"58" 19 "knob180" 2 2 0.734155543194621 0.734155543194621 0.770396706586826 0.770396706586826 0.697914379802415 0.697914379802415 NA NA 0.734155543194621 4637 5450 5344 0 0 0
"59" 2 "knob180" 7 7 0.754208928539534 0.803397490712157 0.787523613843879 1.01939019249684 0.720894243235189 0.363489636425416 1.01271939408605 0.803397490712157 0.754208928539534 8967 12021 11772 1 0.26463700234192 0.26463700234192
"60" 20 "knob180" 1 1 1.01866081229418 1.01866081229418 1.01866081229418 1.01866081229418 1.01866081229418 1.01866081229418 NA NA NA 4642 4642 4555 0 0 0
"61" 21 "knob180" 1 1 1.01477069684336 1.01477069684336 1.01477069684336 1.01477069684336 1.01477069684336 1.01477069684336 NA NA NA 20149 20149 8395 0 0 0
"62" 22 "knob180" 1 1 1.01497493326388 1.01497493326388 1.01497493326388 1.01497493326388 1.01497493326388 1.01497493326388 NA NA NA 41740 41740 15359 0.634146341463415 0.634146341463415 0.634146341463415
"63" 23 "knob180" 1 1 1.00728263216041 1.00728263216041 1.00728263216041 1.00728263216041 1.00728263216041 1.00728263216041 NA NA NA 4491328 4491328 157498 0.193308550185874 0.0966542750929368 0.0966542750929368
"64" 24 "TR1" 1 1 1.00885098784721 1.00885098784721 1.00885098784721 1.00885098784721 1.00885098784721 1.00885098784721 NA NA NA 368767 368767 259858 0.954612005856515 0.954612005856515 0.954612005856515
"65" 25 "CentC" 12 6 0.894217502932569 0.902433249479159 0.923655696289486 1.01558278121183 0.864779309575652 0.675502285707429 0.914303818599424 0.850268042383525 0.934672395855734 3580428 6377509 1333504 0.852908187790418 0.804083749639495 0.808871560856779
"66" 26 "CentC" 9 9 0.978787185990109 1.02630063351891 1.00369681921841 1.02828175026681 0.95387755276181 0.68649946638207 1.019121086544 NA 0.978787185990109 7432 26519 5212 0 0 0
"67" 27 "knob180" 1 1 1.01390199096371 1.01390199096371 1.01390199096371 1.01390199096371 1.01390199096371 1.01390199096371 NA NA NA 60568 60568 20141 0.368421052631579 0.368421052631579 0.368421052631579
"68" 28 "TR1" 13 13 0.891813610610361 0.993061932455872 0.97259798617491 1.00071421283542 0.811029235045813 0.431891025641026 0.895682456878152 0.99684353173729 0.891813610610361 5202 25751 9984 0 0 0
"69" 29 "TR1" 10 10 0.792713239878523 0.781284546264083 0.864949434293264 1.00039708802118 0.720477045463782 0.348378776713338 0.782828770897873 NA 0.792713239878523 4094 17307 7555 0 0 0
"70" 30 "knob180" 10 10 0.964666498259535 0.949975147551985 0.982069533646523 1.01768935652094 0.947263462872548 0.913481048616184 0.970549818388137 0.963574873668129 0.964666498259535 140701 183188 49287 0 0 0
"71" 31 "knob180" 13 13 0.784596901210267 0.808219684810987 0.858097639557668 1.01853291861068 0.711096162862865 0.230177799135031 0.836542967993741 0.654750349585483 0.784596901210267 3091 229388 43701 0 0 0
"72" 32 "knob180" 12 12 0.732517411741565 0.766494670777563 0.846557515161848 1.01752150366359 0.618477308321282 0.00168455023616951 0.875892359833285 0.212770805749387 0.732517411741565 6443 883742 451159 0.715305313243458 0.0596087761036215 0.0596087761036215
"73" 33 "TR1" 1 1 1.00140670298116 1.00140670298116 1.00140670298116 1.00140670298116 1.00140670298116 1.00140670298116 NA NA NA 776426 776426 361839 0.49482163406214 0.49482163406214 0.49482163406214
"74" 34 "knob180" 1 1 1.01246067272679 1.01246067272679 1.01246067272679 1.01246067272679 1.01246067272679 1.01246067272679 NA NA NA 9828882 9828882 8278606 0.788001336898396 0.394000668449198 0.394000668449198
"75" 35 "knob180" 4 4 0.831086354383599 0.851846943710937 0.881936905678336 0.998505752851522 0.780235803088863 0.595867398364878 NA 0.774933693978129 0.831086354383599 23470 41335 20116 0 0 0
"76" 36 "knob180" 2 2 0.715281824876913 0.715281824876913 0.722671485580905 0.722671485580905 0.707892164172922 0.707892164172922 NA NA 0.715281824876913 104170 148496 66405 0.553977272727273 0.276988636363636 0.276988636363636
"77" 37 "TR1" 1 1 1.00973580126211 1.00973580126211 1.00973580126211 1.00973580126211 1.00973580126211 1.00973580126211 NA NA NA 1835215 1835215 900080 0.745756172839506 0.745756172839506 0.745756172839506
"78" 38 "TR1" 1 1 1.00875579058823 1.00875579058823 1.00875579058823 1.00875579058823 1.00875579058823 1.00875579058823 NA NA NA 14140331 14140331 9378365 0.940220761503163 0.940220761503163 0.940220761503163
"79" 39 "knob180" 13 13 0.724442733921969 0.670167710133432 0.767750377249414 1.01371209769223 0.681135090594525 0.490107824710654 0.771512079773811 0.803595531343236 0.724442733921969 98019 164598 77304 0.0643564356435644 0.00257425742574257 0.00257425742574257
"80" 4 "knob180" 9 9 0.906335803319799 0.948834239381881 0.969716371974572 1.00436549751618 0.842955234665026 0.683909948369079 0.906335803319799 NA 0.906335803319799 13220 662888 597191 0.875064800414723 0.798097469054376 0.798097469054376
"81" 40 "knob180" 11 11 0.875752151807111 0.915950334288443 0.897633712947608 1.02001590668081 0.853870590666615 0.607984474632659 0.918173303427742 NA 0.875752151807111 20833 102105 18696 0 0 0
"82" 41 "CentC" 12 14 0.684734003108968 0.8543673198273 0.891580746801531 1.05120056497175 0.477887259416404 0.029786792633494 0.729737339353137 0.693749823503792 0.748236130616628 7664 5663632 125324 0.503378378378378 0.0539220861486486 0.0256696428571429
"83" 42 "CentC" 13 13 0.889125510711079 0.942261705755346 0.980317575855267 1.03162400628986 0.79793344556689 0.491840381179273 0.920978900109873 0.864833598090479 0.889125510711079 4975 51558 11447 1 0.819890703530715 0.819890703530715
"84" 43 "CentC" 13 11 0.764476979086458 0.81277740919667 0.90331535296859 1.02636222304882 0.625638605204326 0.210674885790093 0.796070042895567 0.665641502208022 0.773621642386433 307578 451783 200508 0.983941605839416 0.827603448130296 0.82715306931825
"85" 44 "CentC" 13 9 0.863667999602249 0.900825288080957 0.94682448391668 1.02360791903552 0.780511515287818 0.47727506240292 0.861170307109515 0.870615989191895 0.884072798208462 110213 2463123 1394611 0.90116390001908 0.728029005303302 0.739162005690358
"86" 45 "knob180" 1 0 1.01561023267828 1.01561023267828 1.01561023267828 1.01561023267828 1.01561023267828 1.01561023267828 NA NA NA 2468575 2468575 1850581 0.678943278943279 0.562742079723212 NA
"87" 46 "TR1" 8 8 0.795633869421106 0.844894799380588 0.861286979643526 1.00202736948809 0.729980759198687 0.520498902875621 0.81498287553209 NA 0.795633869421106 6408 17319 10310 0 0 0
"88" 47 "knob180" 13 13 0.841217373791333 0.866677829620846 0.89984748271216 1.02004270266547 0.782587264870507 0.495412844036697 0.841925775692532 0.806573374098172 0.841217373791333 19860 143019 20186 0 0 0
"89" 48 "TR1" 1 1 1.00171990544308 1.00171990544308 1.00171990544308 1.00171990544308 1.00171990544308 1.00171990544308 NA NA NA 1469323 1469323 659920 0.411957950065703 0.411957950065703 0.411957950065703
"90" 49 "TR1" 1 1 1.00445928690698 1.00445928690698 1.00445928690698 1.00445928690698 1.00445928690698 1.00445928690698 NA NA NA 75915 75915 50905 0.555555555555556 0.555555555555556 0.555555555555556
"91" 50 "TR1" 1 1 1.00198614895077 1.00198614895077 1.00198614895077 1.00198614895077 1.00198614895077 1.00198614895077 NA NA NA 411878 411878 192332 0.553047404063205 0.553047404063205 0.553047404063205
"92" 51 "knob180" 1 1 1.01099450274863 1.01099450274863 1.01099450274863 1.01099450274863 1.01099450274863 1.01099450274863 NA NA NA 2052 2052 2001 1 1 1
"93" 52 "knob180" 13 13 0.852393140554263 0.859861819121978 0.908623673403648 1.01510146295422 0.796162607704878 0.32212389380531 0.829125101221362 0.995842186612805 0.852393140554263 4084 13835 6453 0 0 0
"94" 53 "knob180" 13 13 0.899205497458334 0.989705063995548 0.998181006460503 1.01613800779076 0.800229988456165 0.00702325833895597 0.876286081915431 0.956645762649189 0.899205497458334 28542 3067917 1289430 0.373220236292033 0.0266585883065738 0.0266585883065738
"95" 54 "CentC" 12 10 0.581573056177175 0.538281821714998 0.711756546972441 1.02249176640694 0.451389565381908 0.262582605529123 0.615212770945083 0.817527659875051 0.592661717687303 131489 3036620 1387957 0.931917762049208 0.731142967335567 0.692819807599485
"96" 56 "knob180" 13 13 0.992567624714196 0.993410719325664 1.0007262275051 1.0143842364532 0.984409021923292 0.94131455399061 0.996132442479033 0.989408558150999 0.992567624714196 7138 7864 5112 0 0 0
"97" 57 "knob180" 9 9 0.657035217341286 0.638428640551738 0.745744601967822 1.01601340033501 0.56832583271475 0.327381823503586 0.700925604721605 0.522725528284171 0.657035217341286 13722 27653 19887 0.37962962962963 0.0421810699588477 0.0421810699588477
"98" 58 "CentC" 1 1 1.02345795433628 1.02345795433628 1.02345795433628 1.02345795433628 1.02345795433628 1.02345795433628 NA NA NA 3180169 3180169 1678663 0.875388967468175 0.875388967468175 0.875388967468175
"99" 59 "CentC" 1 0 1.01087398952672 1.01087398952672 1.01087398952672 1.01087398952672 1.01087398952672 1.01087398952672 NA NA NA 813271 813271 474159 0.984293193717278 0.956432311144353 NA
"100" 6 "knob180" 13 6 0.807939257175558 0.888210552441951 0.92038891219658 1.01561860193039 0.695489602154536 0.0376031616877833 0.788097768941652 0.957637611832741 0.733272540226965 9943 24518962 103236 0.228971962616822 0.0702746147799005 0.080274700680585
"101" 60 "knob180" 12 12 0.888093543721833 0.986283891547049 0.986193889279587 1.01754385964912 0.78999319816408 0.351357583443823 0.983815592432803 0.722875784572914 0.888093543721833 3192 80885 17347 0.651162790697674 0.0542635658914729 0.0542635658914729
"102" 61 "TR1" 1 1 1.00836919323688 1.00836919323688 1.00836919323688 1.00836919323688 1.00836919323688 1.00836919323688 NA NA NA 127720 127720 59026 0.951388888888889 0.951388888888889 0.951388888888889
"103" 62 "knob180" 2 2 0.827229896124364 0.827229896124364 0.838934009068326 0.838934009068326 0.815525783180402 0.815525783180402 NA NA 0.827229896124364 215312 242170 161074 0.682274247491639 0.653126224563258 0.653126224563258
"104" 64 "knob180" 13 13 0.781652761992192 0.753746400179344 0.799347915798616 1.01240386650674 0.763957608185769 0.613406904779659 0.814436219709477 0.658810970465627 0.781652761992192 98268 139306 86027 0 0 0
"105" 65 "CentC" 13 11 0.85827623020648 1.00432752364523 0.933520837084143 1.02530099459082 0.783031623328817 0.490403071017274 0.948668943112848 0.548874718685853 0.879410495389797 92779 118786 36889 0.882629107981221 0.752381869627623 0.760811221133818
"106" 66 "CentC" 13 9 0.854885423409238 0.866948968230908 0.905929495133452 1.02190782112823 0.803841351685023 0.623767796942675 0.885753272876367 0.776285546486409 0.900558913833146 341708 2976818 1437466 0.843304843304843 0.739275246477823 0.764145824891598
"107" 67 "TR1" 2 2 NA NA NA -Inf NA Inf NA NA NA 7514694 10031169 4807214 0.90066898128546 0.854900620803682 0.854900620803682
"108" 68 "knob180" 3 3 1.00311902128173 0.999860801781737 1.00535236352681 1.01633548701694 1.00088567903665 0.991010689990282 1.00311902128173 NA 1.00311902128173 7310 17450 8232 0 0 0
"109" 7 "knob180" 13 12 0.695893486914536 0.815689283424953 0.772519740784972 1.01662749363843 0.619267233044101 0.18157304240297 0.906658037382732 0.357736977720048 0.678675776063335 167867 10398061 6254326 0.902456691012253 0.148614263875494 0.153641559757892
"110" 70 "TR1" 2 1 0.518410065099561 0.518410065099561 0.540561640791497 0.540561640791497 0.496258489407624 0.496258489407624 NA 0.518410065099561 NA 3987221 4602179 2527856 0.805011520737327 0.772795219680515 0.740578918623703
"111" 71 "knob180" 11 11 0.758769944446374 0.84123947972456 0.927527764340229 1.02601377199694 0.590012124552518 0.301520764281536 0.764185916327879 NA 0.758769944446374 3426 13034 12683 1 0.380764163372859 0.380764163372859
"112" 72 "knob180" 12 12 0.944989563287261 0.994442386068914 0.997283288352099 1.02929782082324 0.892695838222422 0.628173274278924 0.948362420495956 NA 0.944989563287261 2735 11161 9257 1 0.0833333333333333 0.0833333333333333
"113" 73 "knob180" 2 2 0.686507709726401 0.686507709726401 0.93184145092877 0.93184145092877 0.441173968524032 0.441173968524032 0.686507709726401 NA 0.686507709726401 6971 152248 70530 0.391634980988593 0.195817490494297 0.195817490494297
"114" 74 "TR1" 1 1 1.00861804645726 1.00861804645726 1.00861804645726 1.00861804645726 1.00861804645726 1.00861804645726 NA NA NA 5910992 5910992 4037690 0.942848825926645 0.942848825926645 0.942848825926645
"115" 75 "TR1" 1 1 1.00866350929883 1.00866350929883 1.00866350929883 1.00866350929883 1.00866350929883 1.00866350929883 NA NA NA 102046 102046 86570 0.935361216730038 0.935361216730038 0.935361216730038
"116" 76 "CentC" 12 12 1.01562558702874 1.02063185041908 1.01578838865979 1.02127659574468 1.01546278539768 1 1.02072629752108 NA 1.01562558702874 1586 1589 1553 0 0 0
"117" 77 "CentC" 1 1 1.01863753213368 1.01863753213368 1.01863753213368 1.01863753213368 1.01863753213368 1.01863753213368 NA NA NA 1588 1588 1556 0 0 0
"118" 78 "Cent4" 13 13 0.963484308649406 0.97744628300248 0.982090368918568 1.00030046132369 0.944878248380244 0.806535246757236 0.977034026905507 0.934795475478449 0.963484308649406 79820 413712 384163 0.938574938574939 0.893869689173617 0.893869689173617
"119" 79 "CentC" 13 11 0.851207230739366 0.943293617609128 0.97416432045005 1.02328007825236 0.728250141028683 0.34653325865393 0.867897433766022 0.868227658174613 0.855176369089549 100973 2581788 1305258 0.88981555733761 0.569343695412777 0.519368193913556
"120" 8 "knob180" 10 10 0.697127909440221 0.717255948774933 0.845582133310705 1.01191421763304 0.548673685569736 0.132865568601134 0.767815696561864 0.424943663541063 0.697127909440221 5238 2613601 2190777 0.785805899957247 0.133277299922053 0.133277299922053
"121" 80 "knob180" 1 1 1.01816294758692 1.01816294758692 1.01816294758692 1.01816294758692 1.01816294758692 1.01816294758692 NA NA NA 1962 1962 1927 0 0 0
"122" 81 "knob180" 12 12 0.880786399050786 0.97277288298343 0.892986675622069 1.01772939717665 0.868586122479503 0.524653401501543 0.971599056365137 NA 0.880786399050786 70404 383161 87079 0.342857142857143 0.0378483395057981 0.0378483395057981
"123" 82 "knob180" 13 14 0.885633518420012 0.881866064710308 1.03302642257835 1.75971908703286 0.738240614261673 0.402849559994413 0.919196048766934 0.934703354392094 0.885633518420012 3793 379475 103879 0.228813559322034 0.0143008474576271 0.0143008474576271
"124" 83 "knob180" 1 1 1.0156087408949 1.0156087408949 1.0156087408949 1.0156087408949 1.0156087408949 1.0156087408949 NA NA NA 1976 1976 1922 0 0 0
"125" 84 "knob180" 12 12 0.785542241589623 0.691562340728417 0.813651649299157 1.01661989818335 0.757432833880089 0.528248304851503 0.852074850197933 0.630946836544166 0.785542241589623 218345 398488 172296 0.2491961414791 0.0701181461515584 0.0701181461515584
"126" 85 "knob180" 1 1 1.01514690274224 1.01514690274224 1.01514690274224 1.01514690274224 1.01514690274224 1.01514690274224 NA NA NA 316172 316172 121543 0 0 0
"127" 86 "knob180" 13 13 0.899779657221508 0.932707713435569 0.970040906322151 1.02105745021744 0.829518408120866 0.507436570428696 0.906664921790581 0.882484834099191 0.899779657221508 4678 19947 9288 0 0 0
"128" 87 "knob180" 4 4 0.993400791904971 0.993400791904971 0.993400791904971 0.993400791904971 0.993400791904971 0.993400791904971 0.993400791904971 NA 0.993400791904971 4393 4393 2273 0 0 0
"129" 88 "knob180" 13 13 0.788762856674766 0.898496121576698 0.81127408552599 1.01978787399082 0.766251627823541 0.448445805611293 0.882184734732945 0.967210005004083 0.788762856674766 60470 99183 39939 0.371621621621622 0.0696790540540541 0.0696790540540541
"130" 9 "knob180" 1 1 1.0151821386604 1.0151821386604 1.0151821386604 1.0151821386604 1.0151821386604 1.0151821386604 NA NA NA 71800 71800 42550 0.457264957264957 0.457264957264957 0.457264957264957
"131" 90 "TR1" 4 3 0.703999818040917 0.665606324711243 0.707383330722424 1.00609016951823 0.70061630535941 0.561063682961021 0.837927311155893 NA 0.627428841856421 1317097 1383313 716899 0.850656455142232 0.839064382893239 0.835200358810241
"132" 91 "knob180" 7 7 0.959135021260867 1.00713153724247 1.01124832672889 1.01806656101426 0.90702171579284 0.82398753894081 0.959135021260867 NA 0.959135021260867 13663 15454 7704 0 0 0
"133" 92 "TR1" 1 1 1.00963981128652 1.00963981128652 1.00963981128652 1.00963981128652 1.00963981128652 1.00963981128652 NA NA NA 264219 264219 132264 0.734104046242775 0.734104046242775 0.734104046242775
"134" 93 "knob180" 1 1 1.00952380952381 1.00952380952381 1.00952380952381 1.00952380952381 1.00952380952381 1.00952380952381 NA NA NA 1911 1911 1890 0 0 0
"135" 94 "knob180" 8 8 0.986759089763622 0.984767007610179 0.997973527506487 1.01424316274032 0.975544652020757 0.932653824574528 0.984338297151857 0.98615612710213 0.986759089763622 141754 181961 55413 0.152466367713004 0.00952914798206278 0.00952914798206278
"136" 95 "knob180" 13 13 0.675157026015965 0.692851239126418 0.746185494436289 1.01754651911926 0.604128557595641 0.318117149709361 0.674426384754513 0.710645159310462 0.675157026015965 25072 163625 39606 0 0 0
"137" 96 "knob180" 13 13 0.75842228336208 0.725220473437698 0.797854521503647 1.01846069454407 0.718990045220513 0.347998314369996 0.846124727819221 0.565052236692692 0.75842228336208 31900 205775 59325 0 0 0
"138" 97 "knob180" 1 1 1.01028946879068 1.01028946879068 1.01028946879068 1.01028946879068 1.01028946879068 1.01028946879068 NA NA NA 403160 403160 48399 0 0 0
"139" 98 "CentC" 1 0 1.01209452904299 1.01209452904299 1.01209452904299 1.01209452904299 1.01209452904299 1.01209452904299 NA NA NA 1330539 1330539 1122491 1 0.936687116564417 NA
"140" 99 "knob180" 1 1 1.01585841819568 1.01585841819568 1.01585841819568 1.01585841819568 1.01585841819568 1.01585841819568 NA NA NA 143442 143442 44582 0.5375 0.5375 0.5375
"141" 1 "knob180" 13 65 0.515598996262224 0.533744907309163 0.614287618067607 0.811344776649917 0.408601274257307 0.000155982156411589 0.520780453913397 NA 0.515598996262224 3990188 8312585 4610862 0.798756244265471 0.71064076312104 0.71064076312104
"210" 3 "knob180" 13 10 1.18770222090157 1.15380710659898 1.54912889640571 2.84540376786898 0.729896935011407 0.0644670050761421 1.18770222090157 NA 1.18770222090157 3820 213358 58482 0 0 0
"310" 5 "knob180" 13 9 0.686885374209395 0.77111660999059 0.85766857101723 1.0155904850576 0.415258465798418 0.140449845555926 0.686885374209395 NA 0.675880270612871 4594 1895009 1402155 0.682966585167074 0.267168873375146 0.2584260005271
"410" 63 "knob180" 4 7 0.215967295132351 0.206091859031195 0.274084537094485 0.410069893221065 0.157850053170217 0.0157436573486066 0.215967295132351 NA NA 2270129 40691596 33771916 0.839871176097992 0.778092447334677 0.797194624193574
"510" 69 "TR1" 3 43 0.357151099177267 0.357151099177267 0.414888669335113 0.414888669335113 0.299413529019421 0.299413529019421 0.357151099177267 NA 0.357151099177267 4457773 21239844 17878975 0.83975820811596 0.416315123647293 0.416315123647293
"610" 108 "knob180" 8 2 0.574628075251117 0.561075855216666 0.816631366723117 1.01506018295619 0.270354872709356 0.0758412676433669 0.574628075251117 NA 0.330846721831671 214490 10496576 1432121 0.685534591194969 0.39969861253024 0.422508817974241
"710" 117 "TR1" 6 21 0.365216464982885 0.27438156961131 0.480378720137665 1.24503013586258 0.250054209828104 0.20459823999565 0.365216464982885 NA 0.365216464982885 6736062 13027055 8861722 0.9345137717819 0.926667172330536 0.926667172330536
"810" 119 "knob180" 7 27 0.543522294241577 0.620161565700696 0.696753420069977 0.895527436540029 0.390291168413179 0.0145241719325759 0.543522294241577 NA 0.543522294241577 322110 6062660 5091145 0.832048944055533 0.812492617581333 0.812492617581333
"910" 121 "CentC" 13 5 0.912247244962554 0.954482620246859 0.974292435783846 1.14889136538629 0.805441137332096 0.579734425385304 0.912247244962554 NA 0.973620254208689 2484913 39198688 2038975 0.90844132251423 0.572528119674559 0.647952252333813
"1010" 132 "knob180" 13 32 0.621824097483659 0.428925795128219 1.02111224773992 1.37372190525991 0.130326161823962 0.0230568176376938 0.637368966645358 NA 0.621824097483659 882739 49561267 41601448 1 0.396128413715559 0.396128413715559
"1110" 132 "knob180" 13 31 0.478139685363339 0.428925795128219 0.921517245904649 1 0.130326161823962 0.0230568176376938 0.490092444222031 NA 0.478139685363339 882739 49561267 41601448 1 0.396128413715559 0.396128413715559
